We are looking for opt-path from 0 to 999576, there's 5000 paths we can choose. 
    regular energy consumption per mile = 10.
total energy consumption = 5431489
goto result.txt to browse result.

[[248, 761, 2052, 6.0, 3078],
 [909, 1450, 1623, 7.0, 3787],
 [1471, 1930, 1836, 6.0, 2754],
 [2264, 2733, 469, 9.0, 4221],
 [2747, 3336, 589, 9.0, 5301],
 [3907, 4450, 543, 9.0, 4887],
 [4666, 4786, 360, 7.0, 840],
 [5236, 5528, 292, 9.0, 2628],
 [5638, 5910, 272, 9.0, 2448],
 [6012, 6307, 1180, 6.0, 1770],
 [7136, 7655, 519, 9.0, 4671],
 [8140, 8203, 126, 8.0, 504],
 [8329, 8844, 2575, 5.0, 2575],
 [9259, 9848, 2945, 5.0, 2945],
 [9892, 10418, 526, 9.0, 4734],
 [10461, 10559, 392, 6.0, 588],
 [10634, 11073, 1317, 7.0, 3073],
 [11164, 11354, 380, 8.0, 1520],
 [11358, 11944, 2930, 5.0, 2930],
 [12120, 12172, 52, 9.0, 468],
 [12200, 12698, 498, 9.0, 4482],
 [12719, 13015, 1480, 5.0, 1480],
 [13096, 13567, 471, 9.0, 4239],
 [13589, 14029, 880, 8.0, 3520],
 [14356, 14805, 449, 9.0, 4041],
 [15253, 15848, 1190, 8.0, 4760],
 [16326, 16339, 26, 8.0, 104],
 [16689, 17190, 1002, 8.0, 4008],
 [17434, 17887, 1812, 6.0, 2718],
 [17945, 18404, 459, 9.0, 4131],
 [18578, 18866, 288, 9.0, 2592],
 [19024, 19476, 452, 9.0, 4068],
 [19537, 19757, 880, 6.0, 1320],
 [19878, 20235, 1785, 5.0, 1785],
 [20775, 21360, 1170, 8.0, 4680],
 [21615, 21874, 518, 8.0, 2072],
 [22039, 22383, 344, 9.0, 3096],
 [22390, 22401, 22, 8.0, 88],
 [22465, 23054, 589, 9.0, 5301],
 [23307, 23550, 486, 8.0, 1944],
 [23707, 23986, 1395, 5.0, 1395],
 [24112, 24527, 2075, 5.0, 2075],
 [25283, 25332, 245, 5.0, 245],
 [25395, 25815, 840, 8.0, 3360],
 [26575, 26608, 165, 5.0, 165],
 [26632, 27019, 774, 8.0, 3096],
 [27050, 27077, 108, 6.0, 162],
 [27116, 27322, 206, 9.0, 1854],
 [27347, 27669, 1288, 6.0, 1932],
 [27753, 28094, 1023, 7.0, 2387],
 [28581, 28690, 545, 5.0, 545],
 [28818, 29335, 2068, 6.0, 3102],
 [29563, 30056, 986, 8.0, 3944],
 [30061, 30577, 1548, 7.0, 3612],
 [30589, 31028, 878, 8.0, 3512],
 [31087, 31683, 596, 9.0, 5364],
 [32753, 33111, 358, 9.0, 3222],
 [33586, 34122, 1072, 8.0, 4288],
 [34168, 34270, 204, 8.0, 816],
 [34327, 34833, 1012, 8.0, 4048],
 [34913, 35230, 317, 9.0, 2853],
 [35496, 35604, 432, 6.0, 648],
 [35940, 36410, 1410, 7.0, 3290],
 [36783, 37322, 1617, 7.0, 3773],
 [37845, 38427, 1164, 8.0, 4656],
 [38649, 38874, 225, 9.0, 2025],
 [39010, 39087, 77, 9.0, 693],
 [39666, 40126, 1380, 7.0, 3220],
 [40222, 40822, 600, 9.0, 5400],
 [41210, 41679, 1407, 7.0, 3283],
 [42031, 42576, 1090, 8.0, 4360],
 [42692, 43136, 888, 8.0, 3552],
 [43399, 43555, 312, 8.0, 1248],
 [43738, 44257, 1557, 7.0, 3633],
 [44383, 44594, 633, 7.0, 1477],
 [44773, 45249, 952, 8.0, 3808],
 [45435, 45475, 160, 6.0, 240],
 [45552, 45587, 105, 7.0, 245],
 [45748, 46178, 430, 9.0, 3870],
 [46656, 47240, 2336, 6.0, 3504],
 [47560, 48136, 1152, 8.0, 4608],
 [48417, 48781, 1456, 6.0, 2184],
 [49104, 49657, 1106, 8.0, 4424],
 [50043, 50557, 514, 9.0, 4626],
 [50693, 50739, 138, 7.0, 322],
 [51128, 51644, 1548, 7.0, 3612],
 [51686, 51745, 295, 5.0, 295],
 [51750, 52283, 1599, 7.0, 3731],
 [52431, 52941, 2550, 5.0, 2550],
 [53055, 53524, 469, 9.0, 4221],
 [53637, 53856, 219, 9.0, 1971],
 [54143, 54468, 650, 8.0, 2600],
 [54528, 55118, 1180, 8.0, 4720],
 [55177, 55688, 1022, 8.0, 4088],
 [55782, 55885, 412, 6.0, 618],
 [56569, 57167, 598, 9.0, 5382],
 [57432, 57930, 2490, 5.0, 2490],
 [58587, 58687, 400, 6.0, 600],
 [58741, 59051, 310, 9.0, 2790],
 [59133, 59682, 549, 9.0, 4941],
 [59854, 60441, 1761, 7.0, 4109],
 [60629, 61184, 1665, 7.0, 3885],
 [61253, 61317, 64, 9.0, 576],
 [61462, 62042, 1740, 7.0, 4060],
 [62131, 62539, 1632, 6.0, 2448],
 [62759, 63184, 425, 9.0, 3825],
 [63363, 63392, 116, 6.0, 174],
 [64088, 64555, 1868, 6.0, 2802],
 [64817, 65034, 217, 9.0, 1953],
 [65124, 65313, 756, 6.0, 1134],
 [65506, 66036, 530, 9.0, 4770],
 [66908, 67488, 580, 9.0, 5220],
 [68445, 68836, 782, 8.0, 3128],
 [68936, 68974, 38, 9.0, 342],
 [68982, 69252, 540, 8.0, 2160],
 [69480, 69929, 449, 9.0, 4041],
 [70073, 70432, 1436, 6.0, 2154],
 [70449, 70473, 120, 5.0, 120],
 [70716, 71197, 481, 9.0, 4329],
 [71285, 71514, 458, 8.0, 1832],
 [71574, 71783, 418, 8.0, 1672],
 [71830, 72426, 1192, 8.0, 4768],
 [72660, 73108, 896, 8.0, 3584],
 [73362, 73838, 2380, 5.0, 2380],
 [73888, 74351, 926, 8.0, 3704],
 [74504, 74927, 423, 9.0, 3807],
 [75101, 75192, 182, 8.0, 728],
 [75234, 75362, 128, 9.0, 1152],
 [75703, 76247, 544, 9.0, 4896],
 [76297, 76623, 978, 7.0, 2282],
 [76713, 76938, 900, 6.0, 1350],
 [77521, 77988, 1401, 7.0, 3269],
 [78282, 78463, 724, 6.0, 1086],
 [78706, 79018, 624, 8.0, 2496],
 [79377, 79553, 176, 9.0, 1584],
 [79648, 80171, 2615, 5.0, 2615],
 [80457, 80789, 332, 9.0, 2988],
 [80870, 81312, 1326, 7.0, 3094],
 [81357, 81450, 465, 5.0, 465],
 [81467, 81940, 1419, 7.0, 3311],
 [82159, 82612, 1812, 6.0, 2718],
 [82656, 83148, 492, 9.0, 4428],
 [83168, 83709, 541, 9.0, 4869],
 [84237, 84743, 506, 9.0, 4554],
 [84872, 85464, 2368, 6.0, 3552],
 [85678, 86247, 2276, 6.0, 3414],
 [86375, 86491, 464, 6.0, 696],
 [86515, 86603, 88, 9.0, 792],
 [86678, 86896, 654, 7.0, 1526],
 [87135, 87710, 1725, 7.0, 4025],
 [87855, 88302, 2235, 5.0, 2235],
 [88591, 88882, 291, 9.0, 2619],
 [89199, 89445, 246, 9.0, 2214],
 [89672, 90233, 1683, 7.0, 3927],
 [90321, 90389, 68, 9.0, 612],
 [90549, 91095, 1092, 8.0, 4368],
 [91247, 91256, 27, 7.0, 63],
 [91651, 92167, 516, 9.0, 4644],
 [92402, 92971, 1138, 8.0, 4552],
 [93651, 93737, 172, 8.0, 688],
 [94082, 94640, 1116, 8.0, 4464],
 [94858, 95324, 466, 9.0, 4194],
 [95544, 95611, 335, 5.0, 335],
 [95650, 95739, 445, 5.0, 445],
 [95823, 96374, 1653, 7.0, 3857],
 [96643, 97047, 1212, 7.0, 2828],
 [97760, 98348, 588, 9.0, 5292],
 [98823, 99165, 1710, 5.0, 1710],
 [99278, 99593, 315, 9.0, 2835],
 [99921, 100334, 826, 8.0, 3304],
 [100607, 101143, 536, 9.0, 4824],
 [101828, 102075, 494, 8.0, 1976],
 [102156, 102364, 416, 8.0, 1664],
 [103074, 103673, 599, 9.0, 5391],
 [104879, 105411, 532, 9.0, 4788],
 [105685, 105774, 356, 6.0, 534],
 [106050, 106569, 519, 9.0, 4671],
 [107063, 107660, 1194, 8.0, 4776],
 [107670, 107798, 384, 7.0, 896],
 [107992, 108509, 517, 9.0, 4653],
 [109198, 109537, 1017, 7.0, 2373],
 [109599, 109641, 84, 8.0, 336],
 [110629, 111022, 1965, 5.0, 1965],
 [111061, 111170, 436, 6.0, 654],
 [111338, 111358, 100, 5.0, 100],
 [111611, 112135, 2620, 5.0, 2620],
 [112263, 112838, 1725, 7.0, 4025],
 [113675, 114193, 2072, 6.0, 3108],
 [114643, 114955, 624, 8.0, 2496],
 [115159, 115756, 597, 9.0, 5373],
 [116543, 116736, 193, 9.0, 1737],
 [116934, 116968, 68, 8.0, 272],
 [117174, 117304, 390, 7.0, 910],
 [118077, 118566, 2445, 5.0, 2445],
 [118639, 119235, 1192, 8.0, 4768],
 [119806, 120168, 724, 8.0, 2896],
 [120370, 120502, 660, 5.0, 660],
 [120978, 121577, 1198, 8.0, 4792],
 [121736, 121739, 12, 6.0, 18],
 [121936, 121992, 112, 8.0, 448],
 [122027, 122161, 670, 5.0, 670],
 [122171, 122236, 130, 8.0, 520],
 [122416, 122660, 976, 6.0, 1464],
 [122884, 123194, 930, 7.0, 2170],
 [123194, 123534, 680, 8.0, 2720],
 [123711, 124309, 598, 9.0, 5382],
 [124406, 124610, 816, 6.0, 1224],
 [124944, 125443, 499, 9.0, 4491],
 [125684, 126041, 1071, 7.0, 2499],
 [126185, 126189, 20, 5.0, 20],
 [126313, 126752, 878, 8.0, 3512],
 [126786, 127062, 552, 8.0, 2208],
 [127273, 127825, 552, 9.0, 4968],
 [127862, 128019, 471, 7.0, 1099],
 [128165, 128254, 445, 5.0, 445],
 [128308, 128838, 1060, 8.0, 4240],
 [128908, 129169, 1305, 5.0, 1305],
 [129287, 129476, 189, 9.0, 1701],
 [130272, 130517, 490, 8.0, 1960],
 [131111, 131419, 924, 7.0, 2156],
 [131619, 132181, 1686, 7.0, 3934],
 [132473, 132983, 510, 9.0, 4590],
 [133076, 133590, 1542, 7.0, 3598],
 [133638, 133814, 880, 5.0, 880],
 [134466, 135062, 596, 9.0, 5364],
 [135251, 135664, 826, 8.0, 3304],
 [136046, 136111, 260, 6.0, 390],
 [136415, 136845, 430, 9.0, 3870],
 [137635, 137931, 296, 9.0, 2664],
 [138022, 138375, 353, 9.0, 3177],
 [138583, 138857, 274, 9.0, 2466],
 [139034, 139304, 1350, 5.0, 1350],
 [139461, 140049, 1176, 8.0, 4704],
 [140517, 140521, 20, 5.0, 20],
 [140620, 140727, 107, 9.0, 963],
 [141359, 141807, 1344, 7.0, 3136],
 [142553, 143090, 2685, 5.0, 2685],
 [143428, 143876, 448, 9.0, 4032],
 [144173, 144520, 694, 8.0, 2776],
 [144945, 144992, 47, 9.0, 423],
 [145018, 145515, 994, 8.0, 3976],
 [145936, 146145, 627, 7.0, 1463],
 [146153, 146154, 1, 9.0, 9],
 [146507, 146773, 266, 9.0, 2394],
 [146872, 147459, 587, 9.0, 5283],
 [147559, 148075, 516, 9.0, 4644],
 [148088, 148510, 1688, 6.0, 2532],
 [148551, 148694, 715, 5.0, 715],
 [148961, 149107, 730, 5.0, 730],
 [149592, 149620, 140, 5.0, 140],
 [149797, 150370, 1719, 7.0, 4011],
 [150505, 150648, 429, 7.0, 1001],
 [150713, 150775, 310, 5.0, 310],
 [151238, 151508, 540, 8.0, 2160],
 [151573, 151973, 400, 9.0, 3600],
 [152139, 152159, 60, 7.0, 140],
 [152364, 152858, 494, 9.0, 4446],
 [152913, 153002, 89, 9.0, 801],
 [153050, 153409, 359, 9.0, 3231],
 [153519, 153527, 40, 5.0, 40],
 [153970, 154135, 165, 9.0, 1485],
 [154170, 154604, 2170, 5.0, 2170],
 [154878, 155376, 996, 8.0, 3984],
 [156138, 156277, 695, 5.0, 695],
 [156394, 156991, 1791, 7.0, 4179],
 [157150, 157685, 535, 9.0, 4815],
 [157864, 158389, 1050, 8.0, 4200],
 [158798, 158999, 603, 7.0, 1407],
 [159069, 159524, 455, 9.0, 4095],
 [159943, 160334, 391, 9.0, 3519],
 [160412, 160860, 1344, 7.0, 3136],
 [161005, 161603, 598, 9.0, 5382],
 [161765, 162338, 573, 9.0, 5157],
 [163041, 163453, 824, 8.0, 3296],
 [163464, 163852, 776, 8.0, 3104],
 [163979, 164134, 775, 5.0, 775],
 [164455, 164802, 694, 8.0, 2776],
 [164920, 165233, 1565, 5.0, 1565],
 [165296, 165466, 510, 7.0, 1190],
 [166110, 166470, 360, 9.0, 3240],
 [166509, 166813, 304, 9.0, 2736],
 [166883, 167240, 1428, 6.0, 2142],
 [167290, 167396, 106, 9.0, 954],
 [167548, 167632, 420, 5.0, 420],
 [167742, 168297, 1110, 8.0, 4440],
 [168573, 169016, 443, 9.0, 3987],
 [169195, 169714, 2076, 6.0, 3114],
 [169899, 170070, 513, 7.0, 1197],
 [170541, 170830, 1445, 5.0, 1445],
 [170868, 171356, 488, 9.0, 4392],
 [172330, 172474, 288, 8.0, 1152],
 [172625, 173165, 540, 9.0, 4860],
 [173231, 173588, 1071, 7.0, 2499],
 [173607, 173836, 458, 8.0, 1832],
 [174326, 174860, 2136, 6.0, 3204],
 [175234, 175609, 375, 9.0, 3375],
 [175977, 176194, 217, 9.0, 1953],
 [176941, 177458, 1034, 8.0, 4136],
 [177630, 177948, 1590, 5.0, 1590],
 [178233, 178274, 164, 6.0, 246],
 [178393, 178678, 570, 8.0, 2280],
 [178722, 179049, 327, 9.0, 2943],
 [179107, 179355, 248, 9.0, 2232],
 [179396, 179723, 654, 8.0, 2616],
 [180070, 180614, 1632, 7.0, 3808],
 [180750, 181279, 1587, 7.0, 3703],
 [181576, 182134, 1674, 7.0, 3906],
 [182631, 183133, 1506, 7.0, 3514],
 [183333, 183606, 819, 7.0, 1911],
 [183894, 184483, 589, 9.0, 5301],
 [184733, 185109, 376, 9.0, 3384],
 [185191, 185283, 92, 9.0, 828],
 [185352, 185906, 2216, 6.0, 3324],
 [186374, 186625, 753, 7.0, 1757],
 [186950, 187394, 888, 8.0, 3552],
 [187805, 188340, 1605, 7.0, 3745],
 [188407, 189008, 2404, 6.0, 3606],
 [189095, 189590, 495, 9.0, 4455],
 [189910, 190382, 944, 8.0, 3776],
 [190415, 190997, 1746, 7.0, 4074],
 [191145, 191338, 965, 5.0, 965],
 [192075, 192550, 1425, 7.0, 3325],
 [192917, 192951, 102, 7.0, 238],
 [192965, 193352, 1161, 7.0, 2709],
 [193746, 194317, 571, 9.0, 5139],
 [194442, 194760, 1590, 5.0, 1590],
 [194794, 195300, 1012, 8.0, 4048],
 [195719, 195924, 410, 8.0, 1640],
 [195953, 196467, 514, 9.0, 4626],
 [196930, 197065, 675, 5.0, 675],
 [197212, 197742, 530, 9.0, 4770],
 [198448, 198954, 1518, 7.0, 3542],
 [199471, 199555, 420, 5.0, 420],
 [199758, 200338, 580, 9.0, 5220],
 [200723, 201316, 1779, 7.0, 4151],
 [201576, 202055, 958, 8.0, 3832],
 [202098, 202326, 912, 6.0, 1368],
 [202434, 202762, 328, 9.0, 2952],
 [203231, 203234, 12, 6.0, 18],
 [203402, 203534, 528, 6.0, 792],
 [203577, 203939, 1810, 5.0, 1810],
 [203945, 203959, 42, 7.0, 98],
 [204590, 205149, 1677, 7.0, 3913],
 [205826, 206078, 504, 8.0, 2016],
 [206481, 206929, 1344, 7.0, 3136],
 [207073, 207662, 2356, 6.0, 3534],
 [207846, 208380, 534, 9.0, 4806],
 [208468, 208494, 52, 8.0, 208],
 [208702, 209268, 566, 9.0, 5094],
 [209729, 210233, 504, 9.0, 4536],
 [210282, 210661, 1516, 6.0, 2274],
 [210688, 211108, 420, 9.0, 3780],
 [211135, 211705, 1710, 7.0, 3990],
 [211708, 212190, 482, 9.0, 4338],
 [212264, 212630, 366, 9.0, 3294],
 [213278, 213530, 504, 8.0, 2016],
 [213759, 214325, 1132, 8.0, 4528],
 [214852, 215428, 1728, 7.0, 4032],
 [215723, 216124, 401, 9.0, 3609],
 [216410, 216866, 912, 8.0, 3648],
 [217376, 217933, 1114, 8.0, 4456],
 [218121, 218608, 1948, 6.0, 2922],
 [218714, 219011, 1188, 6.0, 1782],
 [219094, 219521, 1281, 7.0, 2989],
 [219646, 220183, 537, 9.0, 4833],
 [220301, 220776, 475, 9.0, 4275],
 [220853, 220983, 650, 5.0, 650],
 [221026, 221101, 150, 8.0, 600],
 [221140, 221628, 1464, 7.0, 3416],
 [221706, 222160, 1816, 6.0, 2724],
 [222309, 222457, 444, 7.0, 1036],
 [222913, 223351, 876, 8.0, 3504],
 [223382, 223719, 1685, 5.0, 1685],
 [224031, 224529, 1992, 6.0, 2988],
 [224925, 225504, 1158, 8.0, 4632],
 [225896, 226260, 728, 8.0, 2912],
 [226263, 226336, 219, 7.0, 511],
 [226549, 227042, 1972, 6.0, 2958],
 [227915, 228105, 380, 8.0, 1520],
 [228300, 228658, 358, 9.0, 3222],
 [228905, 229277, 1488, 6.0, 2232],
 [229571, 229720, 298, 8.0, 1192],
 [229743, 230112, 1476, 6.0, 2214],
 [230112, 230624, 1536, 7.0, 3584],
 [230713, 230923, 210, 9.0, 1890],
 [231199, 231650, 451, 9.0, 4059],
 [232143, 232485, 684, 8.0, 2736],
 [233071, 233405, 1336, 6.0, 2004],
 [233430, 233973, 2715, 5.0, 2715],
 [234005, 234566, 561, 9.0, 5049],
 [234737, 234895, 474, 7.0, 1106],
 [234963, 235069, 106, 9.0, 954],
 [235352, 235873, 1042, 8.0, 4168],
 [236389, 236965, 1152, 8.0, 4608],
 [237073, 237114, 41, 9.0, 369],
 [237149, 237383, 234, 9.0, 2106],
 [237655, 238208, 1659, 7.0, 3871],
 [238603, 239095, 1476, 7.0, 3444],
 [239110, 239138, 140, 5.0, 140],
 [239569, 239899, 1320, 6.0, 1980],
 [240080, 240472, 392, 9.0, 3528],
 [240937, 241497, 1680, 7.0, 3920],
 [241568, 241866, 298, 9.0, 2682],
 [242104, 242584, 480, 9.0, 4320],
 [242816, 243221, 1620, 6.0, 2430],
 [243254, 243553, 1196, 6.0, 1794],
 [243783, 244321, 538, 9.0, 4842],
 [244356, 244380, 96, 6.0, 144],
 [244502, 244938, 1744, 6.0, 2616],
 [245166, 245536, 1110, 7.0, 2590],
 [245636, 246057, 421, 9.0, 3789],
 [246186, 246768, 1164, 8.0, 4656],
 [247014, 247188, 348, 8.0, 1392],
 [247365, 247794, 1716, 6.0, 2574],
 [247886, 248293, 1221, 7.0, 2849],
 [248670, 249219, 1098, 8.0, 4392],
 [249514, 249596, 164, 8.0, 656],
 [249618, 250125, 2028, 6.0, 3042],
 [250167, 250247, 240, 7.0, 560],
 [250322, 250421, 297, 7.0, 693],
 [250512, 251034, 1044, 8.0, 4176],
 [251320, 251899, 2895, 5.0, 2895],
 [252122, 252174, 52, 9.0, 468],
 [252333, 252475, 710, 5.0, 710],
 [252615, 252992, 377, 9.0, 3393],
 [253658, 254230, 572, 9.0, 5148],
 [254386, 254489, 515, 5.0, 515],
 [255287, 255304, 17, 9.0, 153],
 [255339, 255637, 894, 7.0, 2086],
 [256044, 256274, 460, 8.0, 1840],
 [256604, 257077, 1419, 7.0, 3311],
 [257347, 257832, 1455, 7.0, 3395],
 [257970, 258330, 1800, 5.0, 1800],
 [258944, 259455, 1022, 8.0, 4088],
 [260141, 260209, 272, 6.0, 408],
 [260458, 261040, 2910, 5.0, 2910],
 [261141, 261425, 1420, 5.0, 1420],
 [261666, 262147, 481, 9.0, 4329],
 [262396, 262546, 750, 5.0, 750],
 [262550, 263125, 2300, 6.0, 3450],
 [263329, 263589, 1300, 5.0, 1300],
 [264108, 264293, 740, 6.0, 1110],
 [264416, 265015, 1797, 7.0, 4193],
 [265032, 265094, 62, 9.0, 558],
 [265294, 265731, 437, 9.0, 3933],
 [265924, 266057, 399, 7.0, 931],
 [266135, 266162, 27, 9.0, 243],
 [266241, 266311, 140, 8.0, 560],
 [266611, 267138, 527, 9.0, 4743],
 [267231, 267717, 1944, 6.0, 2916],
 [267755, 268331, 576, 9.0, 5184],
 [268433, 268741, 616, 8.0, 2464],
 [268747, 269227, 480, 9.0, 4320],
 [269312, 269771, 1377, 7.0, 3213],
 [270164, 270589, 850, 8.0, 3400],
 [270727, 270859, 132, 9.0, 1188],
 [270880, 271476, 1192, 8.0, 4768],
 [271630, 271951, 642, 8.0, 2568],
 [272082, 272572, 1470, 7.0, 3430],
 [272575, 272918, 686, 8.0, 2744],
 [273418, 273593, 350, 8.0, 1400],
 [273627, 273809, 910, 5.0, 910],
 [274068, 274423, 355, 9.0, 3195],
 [274448, 274905, 1828, 6.0, 2742],
 [274966, 275564, 598, 9.0, 5382],
 [275737, 276004, 267, 9.0, 2403],
 [276080, 276510, 1290, 7.0, 3010],
 [276631, 276998, 1835, 5.0, 1835],
 [277287, 277767, 960, 8.0, 3840],
 [278094, 278575, 962, 8.0, 3848],
 [279060, 279244, 736, 6.0, 1104],
 [279263, 279639, 1128, 7.0, 2632],
 [279772, 280020, 1240, 5.0, 1240],
 [280127, 280520, 1179, 7.0, 2751],
 [280537, 280663, 378, 7.0, 882],
 [280892, 281251, 718, 8.0, 2872],
 [282027, 282043, 80, 5.0, 80],
 [282062, 282358, 888, 7.0, 2072],
 [282444, 283038, 1188, 8.0, 4752],
 [283179, 283314, 135, 9.0, 1215],
 [283389, 283684, 590, 8.0, 2360],
 [283887, 283980, 186, 8.0, 744],
 [284239, 284781, 1084, 8.0, 4336],
 [284908, 285467, 1118, 8.0, 4472],
 [285703, 286137, 868, 8.0, 3472],
 [286199, 286737, 1614, 7.0, 3766],
 [286968, 287297, 987, 7.0, 2303],
 [287342, 287571, 458, 8.0, 1832],
 [287857, 287944, 87, 9.0, 783],
 [288129, 288686, 557, 9.0, 5013],
 [288794, 289031, 474, 8.0, 1896],
 [289458, 289951, 493, 9.0, 4437],
 [290022, 290068, 230, 5.0, 230],
 [290234, 290721, 974, 8.0, 3896],
 [290748, 291275, 1054, 8.0, 4216],
 [291305, 291805, 500, 9.0, 4500],
 [291821, 291909, 176, 8.0, 704],
 [292161, 292751, 1770, 7.0, 4130],
 [293173, 293753, 1740, 7.0, 4060],
 [294669, 295162, 1479, 7.0, 3451],
 [295174, 295450, 552, 8.0, 2208],
 [295516, 295837, 1605, 5.0, 1605],
 [296317, 296874, 2228, 6.0, 3342],
 [297231, 297475, 244, 9.0, 2196],
 [297620, 297876, 768, 7.0, 1792],
 [298161, 298744, 583, 9.0, 5247],
 [298795, 299110, 315, 9.0, 2835],
 [299455, 299585, 650, 5.0, 650],
 [299588, 300161, 1146, 8.0, 4584],
 [300232, 300274, 210, 5.0, 210],
 [300468, 300720, 1008, 6.0, 1512],
 [300899, 301137, 952, 6.0, 1428],
 [301277, 301328, 255, 5.0, 255],
 [301430, 302002, 2288, 6.0, 3432],
 [302118, 302145, 108, 6.0, 162],
 [302477, 303031, 1108, 8.0, 4432],
 [303039, 303492, 906, 8.0, 3624],
 [303808, 304150, 342, 9.0, 3078],
 [304150, 304518, 736, 8.0, 2944],
 [304705, 305196, 491, 9.0, 4419],
 [305314, 305505, 382, 8.0, 1528],
 [306000, 306261, 1305, 5.0, 1305],
 [306312, 306635, 323, 9.0, 2907],
 [306813, 307168, 710, 8.0, 2840],
 [307281, 307727, 1784, 6.0, 2676],
 [307769, 307880, 333, 7.0, 777],
 [308172, 308224, 52, 9.0, 468],
 [308382, 308793, 1644, 6.0, 2466],
 [308917, 309320, 1612, 6.0, 2418],
 [310108, 310496, 1552, 6.0, 2328],
 [310639, 310865, 678, 7.0, 1582],
 [310983, 311369, 772, 8.0, 3088],
 [311564, 312138, 1722, 7.0, 4018],
 [312859, 313458, 1797, 7.0, 4193],
 [314020, 314497, 954, 8.0, 3816],
 [314646, 314719, 219, 7.0, 511],
 [314801, 315383, 1164, 8.0, 4656],
 [315448, 315855, 2035, 5.0, 2035],
 [316216, 316775, 1677, 7.0, 3913],
 [316860, 317061, 804, 6.0, 1206],
 [317541, 317743, 606, 7.0, 1414],
 [317864, 317974, 550, 5.0, 550],
 [318003, 318414, 1233, 7.0, 2877],
 [318461, 318990, 1058, 8.0, 4232],
 [319268, 319590, 1610, 5.0, 1610],
 [319733, 320150, 1668, 6.0, 2502],
 [320234, 320759, 1050, 8.0, 4200],
 [320956, 321242, 572, 8.0, 2288],
 [321404, 321896, 492, 9.0, 4428],
 [322522, 323044, 1044, 8.0, 4176],
 [323226, 323420, 776, 6.0, 1164],
 [323609, 323618, 27, 7.0, 63],
 [323678, 323702, 120, 5.0, 120],
 [323857, 324201, 1376, 6.0, 2064],
 [324310, 324469, 636, 6.0, 954],
 [324681, 325198, 1034, 8.0, 4136],
 [325471, 325839, 368, 9.0, 3312],
 [325916, 326327, 1644, 6.0, 2466],
 [326858, 327172, 942, 7.0, 2198],
 [327179, 327227, 96, 8.0, 384],
 [327327, 327770, 1772, 6.0, 2658],
 [328309, 328534, 1125, 5.0, 1125],
 [328540, 329136, 596, 9.0, 5364],
 [329205, 329501, 1480, 5.0, 1480],
 [329672, 330097, 425, 9.0, 3825],
 [330641, 331141, 1000, 8.0, 4000],
 [331203, 331607, 808, 8.0, 3232],
 [332041, 332589, 2740, 5.0, 2740],
 [332592, 333173, 2324, 6.0, 3486],
 [333190, 333379, 945, 5.0, 945],
 [333449, 333461, 48, 6.0, 72],
 [333796, 334165, 369, 9.0, 3321],
 [334345, 334933, 588, 9.0, 5292],
 [334979, 335036, 285, 5.0, 285],
 [335085, 335640, 1110, 8.0, 4440],
 [335767, 336210, 1772, 6.0, 2658],
 [336214, 336809, 2380, 6.0, 3570],
 [336941, 337157, 432, 8.0, 1728],
 [337292, 337302, 30, 7.0, 70],
 [337402, 337625, 223, 9.0, 2007],
 [337888, 338416, 1584, 7.0, 3696],
 [338618, 338671, 212, 6.0, 318],
 [338692, 339283, 1182, 8.0, 4728],
 [339401, 339652, 1004, 6.0, 1506],
 [339937, 340435, 996, 8.0, 3984],
 [340448, 340607, 636, 6.0, 954],
 [340619, 340794, 700, 6.0, 1050],
 [340853, 340887, 68, 8.0, 272],
 [341041, 341584, 2715, 5.0, 2715],
 [341647, 342207, 1120, 8.0, 4480],
 [342680, 343187, 1014, 8.0, 4056],
 [343222, 343731, 509, 9.0, 4581],
 [343782, 344177, 395, 9.0, 3555],
 [344206, 344252, 184, 6.0, 276],
 [344405, 344983, 1156, 8.0, 4624],
 [345107, 345688, 2324, 6.0, 3486],
 [345714, 346105, 1564, 6.0, 2346],
 [346140, 346187, 47, 9.0, 423],
 [346612, 347122, 1020, 8.0, 4080],
 [347590, 347905, 945, 7.0, 2205],
 [348185, 348779, 594, 9.0, 5346],
 [349042, 349362, 320, 9.0, 2880],
 [349543, 349585, 126, 7.0, 294],
 [349718, 350243, 1575, 7.0, 3675],
 [350595, 351181, 1172, 8.0, 4688],
 [351192, 351300, 432, 6.0, 648],
 [351399, 351583, 736, 6.0, 1104],
 [351861, 352356, 495, 9.0, 4455],
 [352394, 352436, 126, 7.0, 294],
 [352507, 352610, 103, 9.0, 927],
 [352618, 352717, 495, 5.0, 495],
 [353185, 353646, 1844, 6.0, 2766],
 [353732, 353994, 262, 9.0, 2358],
 [354033, 354116, 249, 7.0, 581],
 [354233, 354666, 1299, 7.0, 3031],
 [354672, 355112, 440, 9.0, 3960],
 [355183, 355486, 1212, 6.0, 1818],
 [355490, 355612, 122, 9.0, 1098],
 [355656, 355692, 108, 7.0, 252],
 [355787, 355876, 445, 5.0, 445],
 [356023, 356523, 500, 9.0, 4500],
 [356606, 357124, 2590, 5.0, 2590],
 [357297, 357674, 1508, 6.0, 2262],
 [357891, 357910, 76, 6.0, 114],
 [357973, 358465, 492, 9.0, 4428],
 [358520, 359040, 2080, 6.0, 3120],
 [359319, 359454, 540, 6.0, 810],
 [360086, 360545, 459, 9.0, 4131],
 [360564, 360821, 771, 7.0, 1799],
 [361310, 361384, 148, 8.0, 592],
 [361416, 361779, 1452, 6.0, 2178],
 [361955, 362547, 2368, 6.0, 3552],
 [363015, 363514, 1497, 7.0, 3493],
 [363957, 364429, 472, 9.0, 4248],
 [364782, 365337, 555, 9.0, 4995],
 [365442, 365629, 374, 8.0, 1496],
 [365675, 365833, 790, 5.0, 790],
 [365956, 366543, 2935, 5.0, 2935],
 [367023, 367550, 527, 9.0, 4743],
 [367745, 368178, 2165, 5.0, 2165],
 [368397, 368601, 204, 9.0, 1836],
 [368743, 369298, 555, 9.0, 4995],
 [369509, 369646, 137, 9.0, 1233],
 [370001, 370570, 2276, 6.0, 3414],
 [371069, 371427, 358, 9.0, 3222],
 [371592, 372033, 2205, 5.0, 2205],
 [372188, 372604, 832, 8.0, 3328],
 [372733, 372864, 131, 9.0, 1179],
 [373144, 373543, 798, 8.0, 3192],
 [373725, 374078, 353, 9.0, 3177],
 [374122, 374718, 596, 9.0, 5364],
 [374968, 375455, 974, 8.0, 3896],
 [375916, 376412, 496, 9.0, 4464],
 [376997, 377278, 281, 9.0, 2529],
 [377382, 377920, 1076, 8.0, 4304],
 [378250, 378405, 155, 9.0, 1395],
 [378721, 379187, 466, 9.0, 4194],
 [379351, 379758, 2035, 5.0, 2035],
 [379825, 380392, 567, 9.0, 5103],
 [380899, 381477, 578, 9.0, 5202],
 [381588, 381896, 308, 9.0, 2772],
 [382239, 382818, 2316, 6.0, 3474],
 [383058, 383588, 530, 9.0, 4770],
 [383677, 383863, 930, 5.0, 930],
 [384233, 384354, 484, 6.0, 726],
 [385055, 385532, 1431, 7.0, 3339],
 [385716, 386075, 359, 9.0, 3231],
 [386080, 386526, 1784, 6.0, 2676],
 [387265, 387855, 1770, 7.0, 4130],
 [387857, 388078, 884, 6.0, 1326],
 [388078, 388147, 69, 9.0, 621],
 [388172, 388605, 1299, 7.0, 3031],
 [388761, 388803, 126, 7.0, 294],
 [389022, 389031, 36, 6.0, 54],
 [389673, 390097, 424, 9.0, 3816],
 [390123, 390145, 66, 7.0, 154],
 [390279, 390493, 214, 9.0, 1926],
 [390737, 391276, 539, 9.0, 4851],
 [391527, 392066, 1617, 7.0, 3773],
 [392211, 392797, 2930, 5.0, 2930],
 [393055, 393127, 144, 8.0, 576],
 [393408, 393938, 2650, 5.0, 2650],
 [394135, 394250, 345, 7.0, 805],
 [394639, 394665, 130, 5.0, 130],
 [394760, 395173, 413, 9.0, 3717],
 [395396, 395668, 272, 9.0, 2448],
 [395815, 396306, 982, 8.0, 3928],
 [396667, 397002, 1005, 7.0, 2345],
 [397233, 397767, 1068, 8.0, 4272],
 [397970, 398202, 232, 9.0, 2088],
 [398539, 399124, 1755, 7.0, 4095],
 [399218, 399818, 600, 9.0, 5400],
 [399887, 400063, 880, 5.0, 880],
 [400210, 400620, 410, 9.0, 3690],
 [400897, 401282, 385, 9.0, 3465],
 [401295, 401571, 1104, 6.0, 1656],
 [401679, 401984, 610, 8.0, 2440],
 [402111, 402616, 1010, 8.0, 4040],
 [402912, 403419, 1014, 8.0, 4056],
 [403672, 404267, 1785, 7.0, 4165],
 [404654, 405117, 926, 8.0, 3704],
 [405286, 405714, 856, 8.0, 3424],
 [405817, 406340, 523, 9.0, 4707],
 [406510, 406724, 642, 7.0, 1498],
 [407181, 407411, 920, 6.0, 1380],
 [407556, 408067, 511, 9.0, 4599],
 [408194, 408714, 1560, 7.0, 3640],
 [408853, 408935, 328, 6.0, 492],
 [409192, 409350, 790, 5.0, 790],
 [409496, 410035, 1617, 7.0, 3773],
 [410125, 410268, 143, 9.0, 1287],
 [410470, 410613, 429, 7.0, 1001],
 [410642, 411135, 1479, 7.0, 3451],
 [411216, 411675, 459, 9.0, 4131],
 [411700, 412036, 336, 9.0, 3024],
 [412233, 412719, 486, 9.0, 4374],
 [412771, 413072, 602, 8.0, 2408],
 [413673, 414202, 529, 9.0, 4761],
 [414317, 414749, 1296, 7.0, 3024],
 [414757, 414812, 55, 9.0, 495],
 [415008, 415373, 1460, 6.0, 2190],
 [416249, 416829, 1160, 8.0, 4640],
 [416836, 417396, 1120, 8.0, 4480],
 [417727, 418233, 1012, 8.0, 4048],
 [418286, 418753, 2335, 5.0, 2335],
 [418807, 419329, 522, 9.0, 4698],
 [419523, 419933, 1640, 6.0, 2460],
 [420741, 420782, 82, 8.0, 328],
 [420933, 421496, 563, 9.0, 5067],
 [421738, 421920, 910, 5.0, 910],
 [422210, 422754, 544, 9.0, 4896],
 [423327, 423565, 1190, 5.0, 1190],
 [423838, 424112, 548, 8.0, 2192],
 [424338, 424786, 448, 9.0, 4032],
 [425484, 425775, 582, 8.0, 2328],
 [426045, 426589, 2720, 5.0, 2720],
 [426728, 427051, 969, 7.0, 2261],
 [427079, 427533, 454, 9.0, 4086],
 [427722, 428180, 916, 8.0, 3664],
 [428291, 428449, 632, 6.0, 948],
 [428887, 429412, 525, 9.0, 4725],
 [429523, 429531, 8, 9.0, 72],
 [429614, 429960, 346, 9.0, 3114],
 [430256, 430614, 358, 9.0, 3222],
 [430639, 431228, 2356, 6.0, 3534],
 [431311, 431352, 123, 7.0, 287],
 [431367, 431439, 288, 6.0, 432],
 [432080, 432630, 1100, 8.0, 4400],
 [432814, 432815, 5, 5.0, 5],
 [432827, 433377, 1650, 7.0, 3850],
 [433564, 434102, 538, 9.0, 4842],
 [434353, 434687, 334, 9.0, 3006],
 [434978, 435475, 994, 8.0, 3976],
 [435755, 435925, 850, 5.0, 850],
 [435930, 435988, 116, 8.0, 464],
 [436286, 436361, 150, 8.0, 600],
 [436408, 436794, 1158, 7.0, 2702],
 [437130, 437137, 14, 8.0, 56],
 [437331, 437856, 525, 9.0, 4725],
 [438010, 438351, 341, 9.0, 3069],
 [438862, 439123, 522, 8.0, 2088],
 [439597, 440013, 832, 8.0, 3328],
 [440076, 440359, 566, 8.0, 2264],
 [440450, 440984, 1068, 8.0, 4272],
 [441030, 441363, 666, 8.0, 2664],
 [441466, 441551, 170, 8.0, 680],
 [441668, 442063, 395, 9.0, 3555],
 [443070, 443079, 9, 9.0, 81],
 [443127, 443237, 220, 8.0, 880],
 [443369, 443863, 494, 9.0, 4446],
 [444040, 444256, 432, 8.0, 1728],
 [444295, 444577, 846, 7.0, 1974],
 [444839, 445409, 570, 9.0, 5130],
 [445563, 445811, 744, 7.0, 1736],
 [445998, 446456, 458, 9.0, 4122],
 [446488, 446734, 1230, 5.0, 1230],
 [446750, 446757, 14, 8.0, 56],
 [446829, 447234, 1620, 6.0, 2430],
 [447328, 447366, 152, 6.0, 228],
 [447523, 447803, 280, 9.0, 2520],
 [449299, 449868, 1138, 8.0, 4552],
 [450299, 450650, 351, 9.0, 3159],
 [450652, 450775, 123, 9.0, 1107],
 [451210, 451529, 1595, 5.0, 1595],
 [451718, 451974, 768, 7.0, 1792],
 [451978, 452569, 1182, 8.0, 4728],
 [452673, 452987, 942, 7.0, 2198],
 [453394, 453897, 1006, 8.0, 4024],
 [454220, 454424, 1020, 5.0, 1020],
 [454424, 454579, 310, 8.0, 1240],
 [454644, 454660, 16, 9.0, 144],
 [454668, 454935, 1068, 6.0, 1602],
 [455402, 455555, 306, 8.0, 1224],
 [456202, 456594, 392, 9.0, 3528],
 [456879, 457300, 1263, 7.0, 2947],
 [457380, 457952, 572, 9.0, 5148],
 [458124, 458717, 1186, 8.0, 4744],
 [458813, 458947, 134, 9.0, 1206],
 [458981, 459217, 1180, 5.0, 1180],
 [459467, 460024, 2228, 6.0, 3342],
 [460204, 460290, 172, 8.0, 688],
 [460304, 460881, 1154, 8.0, 4616],
 [461482, 461988, 1518, 7.0, 3542],
 [462219, 462579, 1080, 7.0, 2520],
 [462609, 462683, 148, 8.0, 592],
 [462786, 463258, 472, 9.0, 4248],
 [463697, 463776, 237, 7.0, 553],
 [464259, 464821, 562, 9.0, 5058],
 [464941, 465180, 1195, 5.0, 1195],
 [465690, 466136, 446, 9.0, 4014],
 [466386, 466955, 1138, 8.0, 4552],
 [467244, 467403, 795, 5.0, 795],
 [467599, 468104, 505, 9.0, 4545],
 [468119, 468257, 138, 9.0, 1242],
 [468387, 468772, 770, 8.0, 3080],
 [468772, 469126, 1062, 7.0, 2478],
 [469305, 469872, 1134, 8.0, 4536],
 [469886, 470458, 1144, 8.0, 4576],
 [470835, 471421, 586, 9.0, 5274],
 [471484, 471716, 1160, 5.0, 1160],
 [471783, 472016, 932, 6.0, 1398],
 [472055, 472318, 1052, 6.0, 1578],
 [472525, 473062, 537, 9.0, 4833],
 [473181, 473596, 1245, 7.0, 2905],
 [473638, 474123, 970, 8.0, 3880],
 [474704, 475130, 1704, 6.0, 2556],
 [475271, 475593, 644, 8.0, 2576],
 [475799, 476015, 1080, 5.0, 1080],
 [476417, 476826, 818, 8.0, 3272],
 [477030, 477236, 824, 6.0, 1236],
 [477550, 478067, 1551, 7.0, 3619],
 [478537, 478765, 228, 9.0, 2052],
 [479201, 479546, 1035, 7.0, 2415],
 [479614, 479893, 837, 7.0, 1953],
 [479921, 479972, 204, 6.0, 306],
 [479987, 480550, 1689, 7.0, 3941],
 [480635, 480711, 152, 8.0, 608],
 [480879, 481042, 815, 5.0, 815],
 [481130, 481642, 2560, 5.0, 2560],
 [481916, 482354, 876, 8.0, 3504],
 [482427, 482900, 473, 9.0, 4257],
 [483113, 483386, 819, 7.0, 1911],
 [483483, 483678, 195, 9.0, 1755],
 [484266, 484735, 938, 8.0, 3752],
 [484933, 485344, 411, 9.0, 3699],
 [485585, 485611, 130, 5.0, 130],
 [485626, 485929, 606, 8.0, 2424],
 [486342, 486929, 2348, 6.0, 3522],
 [487280, 487406, 504, 6.0, 756],
 [487490, 487994, 2520, 5.0, 2520],
 [489071, 489433, 1810, 5.0, 1810],
 [489709, 490245, 1072, 8.0, 4288],
 [490554, 490755, 201, 9.0, 1809],
 [491120, 491699, 579, 9.0, 5211],
 [491876, 492145, 269, 9.0, 2421],
 [492182, 492263, 405, 5.0, 405],
 [492379, 492852, 473, 9.0, 4257],
 [492897, 492907, 30, 7.0, 70],
 [492966, 493002, 144, 6.0, 216],
 [493246, 493347, 505, 5.0, 505],
 [494043, 494600, 557, 9.0, 5013],
 [494910, 495341, 862, 8.0, 3448],
 [495354, 495716, 362, 9.0, 3258],
 [496058, 496094, 108, 7.0, 252],
 [496308, 496728, 2100, 5.0, 2100],
 [497053, 497551, 498, 9.0, 4482],
 [497681, 497733, 208, 6.0, 312],
 [497849, 498426, 1731, 7.0, 4039],
 [498680, 499252, 1716, 7.0, 4004],
 [499261, 499747, 1458, 7.0, 3402],
 [500093, 500123, 90, 7.0, 210],
 [500343, 500787, 444, 9.0, 3996],
 [501046, 501238, 960, 5.0, 960],
 [501321, 501363, 168, 6.0, 252],
 [501425, 502005, 1740, 7.0, 4060],
 [502395, 502795, 400, 9.0, 3600],
 [503015, 503020, 25, 5.0, 25],
 [503623, 503816, 193, 9.0, 1737],
 [503878, 503980, 204, 8.0, 816],
 [504085, 504577, 1968, 6.0, 2952],
 [504972, 505029, 114, 8.0, 456],
 [505458, 505611, 612, 6.0, 918],
 [505617, 505699, 82, 9.0, 738],
 [506209, 506261, 52, 9.0, 468],
 [506587, 506859, 272, 9.0, 2448],
 [507267, 507648, 1143, 7.0, 2667],
 [508043, 508252, 209, 9.0, 1881],
 [508351, 508859, 1524, 7.0, 3556],
 [508926, 508964, 114, 7.0, 266],
 [509029, 509172, 429, 7.0, 1001],
 [509263, 509835, 1144, 8.0, 4576],
 [509845, 509916, 142, 8.0, 568],
 [510080, 510576, 992, 8.0, 3968],
 [510858, 511024, 166, 9.0, 1494],
 [511326, 511904, 578, 9.0, 5202],
 [512039, 512575, 2144, 6.0, 3216],
 [513592, 513602, 10, 9.0, 90],
 [513767, 514354, 2935, 5.0, 2935],
 [514476, 514980, 2016, 6.0, 3024],
 [515108, 515272, 328, 8.0, 1312],
 [515311, 515371, 180, 7.0, 420],
 [515470, 515814, 688, 8.0, 2752],
 [516011, 516067, 56, 9.0, 504],
 [516178, 516192, 70, 5.0, 70],
 [516222, 516814, 592, 9.0, 5328],
 [518062, 518213, 151, 9.0, 1359],
 [518467, 518665, 198, 9.0, 1782],
 [518853, 519426, 2292, 6.0, 3438],
 [519445, 519761, 948, 7.0, 2212],
 [519830, 519936, 424, 6.0, 636],
 [520162, 520741, 579, 9.0, 5211],
 [520904, 521477, 1146, 8.0, 4584],
 [521570, 522146, 2880, 5.0, 2880],
 [522313, 522879, 566, 9.0, 5094],
 [522959, 523123, 492, 7.0, 1148],
 [523350, 523840, 1960, 6.0, 2940],
 [524080, 524299, 219, 9.0, 1971],
 [524316, 524700, 1152, 7.0, 2688],
 [525585, 525883, 298, 9.0, 2682],
 [526088, 526676, 2352, 6.0, 3528],
 [526820, 527306, 972, 8.0, 3888],
 [527763, 528290, 2108, 6.0, 3162],
 [528459, 529032, 2292, 6.0, 3438],
 [529389, 529955, 1132, 8.0, 4528],
 [530063, 530605, 542, 9.0, 4878],
 [531023, 531590, 2268, 6.0, 3402],
 [531629, 531663, 136, 6.0, 204],
 [531722, 531897, 175, 9.0, 1575],
 [531918, 532381, 463, 9.0, 4167],
 [532873, 533223, 350, 9.0, 3150],
 [533289, 533372, 83, 9.0, 747],
 [533767, 534006, 956, 6.0, 1434],
 [534047, 534544, 994, 8.0, 3976],
 [534630, 535160, 530, 9.0, 4770],
 [535365, 535373, 16, 8.0, 64],
 [535395, 535461, 66, 9.0, 594],
 [535514, 535828, 942, 7.0, 2198],
 [536956, 537230, 822, 7.0, 1918],
 [537445, 537975, 1060, 8.0, 4240],
 [538040, 538371, 1655, 5.0, 1655],
 [538618, 538795, 177, 9.0, 1593],
 [538805, 539070, 1325, 5.0, 1325],
 [539144, 539510, 1098, 7.0, 2562],
 [539567, 539699, 264, 8.0, 1056],
 [539836, 540038, 606, 7.0, 1414],
 [540161, 540755, 1782, 7.0, 4158],
 [540756, 540953, 394, 8.0, 1576],
 [541123, 541672, 2196, 6.0, 3294],
 [541732, 541984, 1008, 6.0, 1512],
 [542085, 542242, 157, 9.0, 1413],
 [542494, 542817, 969, 7.0, 2261],
 [542975, 543573, 1794, 7.0, 4186],
 [543622, 544158, 2144, 6.0, 3216],
 [544254, 544707, 1812, 6.0, 2718],
 [544884, 545323, 1756, 6.0, 2634],
 [545377, 545881, 2016, 6.0, 3024],
 [545894, 546306, 412, 9.0, 3708],
 [546390, 546956, 1132, 8.0, 4528],
 [547383, 547797, 828, 8.0, 3312],
 [547860, 547862, 6, 7.0, 14],
 [547889, 548407, 518, 9.0, 4662],
 [549348, 549563, 215, 9.0, 1935],
 [549686, 549793, 321, 7.0, 749],
 [549961, 550050, 267, 7.0, 623],
 [550508, 550800, 292, 9.0, 2628],
 [550942, 551377, 1305, 7.0, 3045],
 [551521, 551677, 156, 9.0, 1404],
 [552113, 552270, 314, 8.0, 1256],
 [552337, 552364, 108, 6.0, 162],
 [552388, 552544, 780, 5.0, 780],
 [552598, 553067, 2345, 5.0, 2345],
 [553139, 553428, 1445, 5.0, 1445],
 [553591, 553895, 1520, 5.0, 1520],
 [554064, 554652, 1764, 7.0, 4116],
 [554688, 554815, 127, 9.0, 1143],
 [554900, 554902, 6, 7.0, 14],
 [555760, 556242, 482, 9.0, 4338],
 [556662, 557105, 886, 8.0, 3544],
 [557356, 557926, 1710, 7.0, 3990],
 [558058, 558457, 399, 9.0, 3591],
 [558836, 559349, 1026, 8.0, 4104],
 [559366, 559750, 768, 8.0, 3072],
 [560004, 560191, 187, 9.0, 1683],
 [560575, 560800, 675, 7.0, 1575],
 [561073, 561334, 261, 9.0, 2349],
 [561601, 561619, 36, 8.0, 144],
 [561733, 562123, 1560, 6.0, 2340],
 [562794, 563044, 1000, 6.0, 1500],
 [563154, 563523, 1476, 6.0, 2214],
 [563524, 563543, 95, 5.0, 95],
 [563587, 564129, 1084, 8.0, 4336],
 [564206, 564770, 2820, 5.0, 2820],
 [565625, 565644, 95, 5.0, 95],
 [565730, 566100, 370, 9.0, 3330],
 [566121, 566288, 334, 8.0, 1336],
 [567183, 567661, 478, 9.0, 4302],
 [568466, 568712, 738, 7.0, 1722],
 [568721, 569156, 1305, 7.0, 3045],
 [569176, 569326, 600, 6.0, 900],
 [569441, 569729, 1152, 6.0, 1728],
 [569793, 570383, 2950, 5.0, 2950],
 [570477, 570999, 1044, 8.0, 4176],
 [571269, 571830, 561, 9.0, 5049],
 [571839, 572411, 572, 9.0, 5148],
 [572595, 572649, 108, 8.0, 432],
 [572773, 573360, 587, 9.0, 5283],
 [573583, 573778, 390, 8.0, 1560],
 [574018, 574580, 1686, 7.0, 3934],
 [574903, 575406, 1509, 7.0, 3521],
 [575733, 575781, 144, 7.0, 336],
 [576103, 576109, 24, 6.0, 36],
 [576303, 576627, 648, 8.0, 2592],
 [577065, 577497, 2160, 5.0, 2160],
 [577840, 577989, 149, 9.0, 1341],
 [578350, 578947, 1194, 8.0, 4776],
 [578967, 578980, 13, 9.0, 117],
 [579204, 579242, 38, 9.0, 342],
 [579247, 579698, 902, 8.0, 3608],
 [579822, 580040, 1090, 5.0, 1090],
 [580125, 580244, 119, 9.0, 1071],
 [580321, 580741, 1680, 6.0, 2520],
 [580867, 581445, 1156, 8.0, 4624],
 [581567, 581766, 597, 7.0, 1393],
 [581812, 582126, 1570, 5.0, 1570],
 [582259, 582826, 1134, 8.0, 4536],
 [583197, 583281, 84, 9.0, 756],
 [583368, 583900, 1064, 8.0, 4256],
 [583983, 584218, 705, 7.0, 1645],
 [584294, 584316, 110, 5.0, 110],
 [584351, 584733, 1146, 7.0, 2674],
 [584869, 585108, 478, 8.0, 1912],
 [585116, 585694, 2890, 5.0, 2890],
 [586045, 586406, 722, 8.0, 2888],
 [586426, 586680, 254, 9.0, 2286],
 [586716, 587155, 878, 8.0, 3512],
 [587293, 587438, 290, 8.0, 1160],
 [587550, 588024, 1422, 7.0, 3318],
 [588050, 588493, 443, 9.0, 3987],
 [588565, 588961, 396, 9.0, 3564],
 [589049, 589428, 758, 8.0, 3032],
 [589657, 589809, 760, 5.0, 760],
 [590163, 590297, 670, 5.0, 670],
 [590664, 590981, 317, 9.0, 2853],
 [591040, 591259, 438, 8.0, 1752],
 [591459, 592059, 1200, 8.0, 4800],
 [592152, 592610, 458, 9.0, 4122],
 [593103, 593701, 598, 9.0, 5382],
 [593784, 593889, 105, 9.0, 945],
 [593961, 594106, 435, 7.0, 1015],
 [594151, 594648, 994, 8.0, 3976],
 [594781, 595072, 582, 8.0, 2328],
 [595161, 595549, 1164, 7.0, 2716],
 [595710, 595726, 32, 8.0, 128],
 [595880, 596317, 874, 8.0, 3496],
 [596360, 596669, 1236, 6.0, 1854],
 [596807, 596874, 134, 8.0, 536],
 [597296, 597578, 564, 8.0, 2256],
 [597736, 598336, 600, 9.0, 5400],
 [598707, 599173, 2330, 5.0, 2330],
 [599281, 599876, 2975, 5.0, 2975],
 [599982, 600311, 987, 7.0, 2303],
 [600361, 600579, 436, 8.0, 1744],
 [600591, 601117, 1578, 7.0, 3682],
 [601122, 601227, 315, 7.0, 735],
 [601390, 601688, 596, 8.0, 2384],
 [601929, 602420, 491, 9.0, 4419],
 [603270, 603829, 559, 9.0, 5031],
 [604327, 604823, 992, 8.0, 3968],
 [605117, 605138, 63, 7.0, 147],
 [605170, 605695, 525, 9.0, 4725],
 [605891, 606228, 1685, 5.0, 1685],
 [606483, 606962, 479, 9.0, 4311],
 [607147, 607627, 960, 8.0, 3840],
 [607850, 608449, 1198, 8.0, 4792],
 [608865, 609304, 878, 8.0, 3512],
 [610117, 610359, 726, 7.0, 1694],
 [610519, 610729, 1050, 5.0, 1050],
 [611351, 611726, 375, 9.0, 3375],
 [612790, 612987, 197, 9.0, 1773],
 [613048, 613249, 603, 7.0, 1407],
 [613399, 613592, 579, 7.0, 1351],
 [613741, 613919, 890, 5.0, 890],
 [613947, 614127, 720, 6.0, 1080],
 [614168, 614575, 407, 9.0, 3663],
 [614587, 614677, 90, 9.0, 810],
 [614679, 615279, 1800, 7.0, 4200],
 [615718, 616171, 906, 8.0, 3624],
 [616203, 616510, 614, 8.0, 2456],
 [616938, 617178, 720, 7.0, 1680],
 [617283, 617579, 296, 9.0, 2664],
 [617750, 618064, 628, 8.0, 2512],
 [618090, 618242, 608, 6.0, 912],
 [618254, 618821, 2835, 5.0, 2835],
 [618933, 619460, 2108, 6.0, 3162],
 [619491, 619959, 1404, 7.0, 3276],
 [619969, 620408, 1317, 7.0, 3073],
 [620476, 620991, 1030, 8.0, 4120],
 [621023, 621495, 1888, 6.0, 2832],
 [621848, 621953, 105, 9.0, 945],
 [622386, 622875, 489, 9.0, 4401],
 [623138, 623351, 852, 6.0, 1278],
 [623408, 623665, 257, 9.0, 2313],
 [624001, 624242, 241, 9.0, 2169],
 [624705, 625260, 555, 9.0, 4995],
 [625383, 625556, 346, 8.0, 1384],
 [625665, 626228, 1689, 7.0, 3941],
 [626329, 626424, 380, 6.0, 570],
 [626424, 626711, 574, 8.0, 2296],
 [626870, 627003, 532, 6.0, 798],
 [627243, 627596, 353, 9.0, 3177],
 [627957, 628491, 534, 9.0, 4806],
 [628546, 628956, 1230, 7.0, 2870],
 [628983, 629536, 1659, 7.0, 3871],
 [630122, 630713, 591, 9.0, 5319],
 [631092, 631288, 392, 8.0, 1568],
 [631638, 632113, 950, 8.0, 3800],
 [632314, 632431, 117, 9.0, 1053],
 [632557, 633116, 1118, 8.0, 4472],
 [633127, 633238, 111, 9.0, 999],
 [633494, 633682, 188, 9.0, 1692],
 [633707, 633790, 415, 5.0, 415],
 [634255, 634673, 418, 9.0, 3762],
 [634775, 634886, 222, 8.0, 888],
 [635359, 635897, 538, 9.0, 4842],
 [636047, 636537, 1960, 6.0, 2940],
 [636726, 636730, 20, 5.0, 20],
 [636778, 637289, 2044, 6.0, 3066],
 [637334, 637471, 685, 5.0, 685],
 [637991, 638253, 262, 9.0, 2358],
 [638472, 639012, 2700, 5.0, 2700],
 [639269, 639800, 1062, 8.0, 4248],
 [639951, 639984, 165, 5.0, 165],
 [640131, 640471, 340, 9.0, 3060],
 [640655, 641205, 2200, 6.0, 3300],
 [641488, 641524, 36, 9.0, 324],
 [642436, 642463, 54, 8.0, 216],
 [643073, 643323, 1000, 6.0, 1500],
 [643561, 644013, 1356, 7.0, 3164],
 [644442, 644605, 489, 7.0, 1141],
 [644706, 645302, 2980, 5.0, 2980],
 [645611, 646108, 497, 9.0, 4473],
 [646175, 646689, 1028, 8.0, 4112],
 [646799, 646870, 142, 8.0, 568],
 [647230, 647637, 407, 9.0, 3663],
 [647996, 648502, 506, 9.0, 4554],
 [648590, 649160, 2280, 6.0, 3420],
 [649161, 649207, 184, 6.0, 276],
 [649376, 649503, 254, 8.0, 1016],
 [649612, 649806, 194, 9.0, 1746],
 [649884, 649908, 120, 5.0, 120],
 [650687, 651075, 388, 9.0, 3492],
 [651758, 652041, 566, 8.0, 2264],
 [652123, 652590, 934, 8.0, 3736],
 [652593, 652784, 382, 8.0, 1528],
 [653341, 653907, 566, 9.0, 5094],
 [654004, 654100, 288, 7.0, 672],
 [654143, 654665, 522, 9.0, 4698],
 [654868, 655375, 1014, 8.0, 4056],
 [655653, 656189, 1072, 8.0, 4288],
 [656434, 656810, 1880, 5.0, 1880],
 [657053, 657640, 1174, 8.0, 4696],
 [657744, 658298, 2770, 5.0, 2770],
 [658304, 658843, 1078, 8.0, 4312],
 [658997, 659260, 1315, 5.0, 1315],
 [659325, 659601, 1104, 6.0, 1656],
 [659734, 659974, 480, 8.0, 1920],
 [660047, 660531, 1452, 7.0, 3388],
 [661010, 661278, 804, 7.0, 1876],
 [661741, 661992, 1255, 5.0, 1255],
 [662477, 662999, 1044, 8.0, 4176],
 [663354, 663866, 512, 9.0, 4608],
 [664297, 664485, 188, 9.0, 1692],
 [664513, 664527, 14, 9.0, 126],
 [664850, 665055, 615, 7.0, 1435],
 [665062, 665529, 467, 9.0, 4203],
 [665710, 666290, 1740, 7.0, 4060],
 [666422, 666560, 552, 6.0, 828],
 [667244, 667422, 712, 6.0, 1068],
 [667454, 667756, 604, 8.0, 2416],
 [667889, 668419, 2120, 6.0, 3180],
 [668456, 668819, 1089, 7.0, 2541],
 [669073, 669648, 575, 9.0, 5175],
 [670008, 670579, 1713, 7.0, 3997],
 [670895, 671127, 928, 6.0, 1392],
 [671181, 671622, 2205, 5.0, 2205],
 [672009, 672012, 3, 9.0, 27],
 [672158, 672194, 72, 8.0, 288],
 [672214, 672624, 410, 9.0, 3690],
 [672921, 673447, 526, 9.0, 4734],
 [673674, 673910, 708, 7.0, 1652],
 [674033, 674174, 282, 8.0, 1128],
 [674219, 674432, 213, 9.0, 1917],
 [674441, 674960, 1557, 7.0, 3633],
 [675293, 675589, 1480, 5.0, 1480],
 [675661, 676051, 1170, 7.0, 2730],
 [676078, 676650, 572, 9.0, 5148],
 [676856, 677140, 568, 8.0, 2272],
 [677410, 677921, 1533, 7.0, 3577],
 [678204, 678663, 1377, 7.0, 3213],
 [678675, 679228, 1106, 8.0, 4424],
 [679409, 680001, 1776, 7.0, 4144],
 [680078, 680491, 1652, 6.0, 2478],
 [680717, 680968, 1004, 6.0, 1506],
 [681007, 681300, 586, 8.0, 2344],
 [681320, 681391, 284, 6.0, 426],
 [681967, 682139, 516, 7.0, 1204],
 [682399, 682729, 330, 9.0, 2970],
 [682955, 683273, 1272, 6.0, 1908],
 [683280, 683639, 1077, 7.0, 2513],
 [684099, 684418, 1276, 6.0, 1914],
 [684690, 685223, 533, 9.0, 4797],
 [685585, 685667, 164, 8.0, 656],
 [685824, 686190, 1098, 7.0, 2562],
 [686236, 686785, 1098, 8.0, 4392],
 [686796, 687365, 1707, 7.0, 3983],
 [687941, 687986, 225, 5.0, 225],
 [688128, 688132, 4, 9.0, 36],
 [688242, 688297, 165, 7.0, 385],
 [688385, 688565, 540, 7.0, 1260],
 [688636, 688942, 1224, 6.0, 1836],
 [689754, 689837, 415, 5.0, 415],
 [689863, 690266, 1209, 7.0, 2821],
 [690373, 690508, 135, 9.0, 1215],
 [690674, 691240, 2264, 6.0, 3396],
 [691365, 691954, 589, 9.0, 5301],
 [692032, 692507, 1425, 7.0, 3325],
 [692612, 692979, 367, 9.0, 3303],
 [693029, 693161, 396, 7.0, 924],
 [693233, 693637, 1212, 7.0, 2828],
 [693724, 693884, 640, 6.0, 960],
 [694617, 695165, 1096, 8.0, 4384],
 [695492, 695968, 2380, 5.0, 2380],
 [695999, 696127, 128, 9.0, 1152],
 [696810, 697247, 1311, 7.0, 3059],
 [697405, 697803, 1194, 7.0, 2786],
 [697882, 698118, 236, 9.0, 2124],
 [698243, 698308, 195, 7.0, 455],
 [698343, 698873, 1060, 8.0, 4240],
 [698987, 699098, 111, 9.0, 999],
 [699126, 699715, 589, 9.0, 5301],
 [699781, 700381, 1200, 8.0, 4800],
 [701126, 701656, 1060, 8.0, 4240],
 [701878, 702424, 1092, 8.0, 4368],
 [703277, 703792, 2575, 5.0, 2575],
 [703807, 704292, 485, 9.0, 4365],
 [704831, 705424, 1779, 7.0, 4151],
 [705563, 705919, 712, 8.0, 2848],
 [706098, 706571, 1419, 7.0, 3311],
 [706842, 707406, 564, 9.0, 5076],
 [707513, 708028, 515, 9.0, 4635],
 [708313, 708681, 368, 9.0, 3312],
 [708739, 709317, 1734, 7.0, 4046],
 [709721, 710002, 281, 9.0, 2529],
 [710037, 710361, 1620, 5.0, 1620],
 [710465, 710512, 94, 8.0, 376],
 [710942, 711534, 1776, 7.0, 4144],
 [711735, 711925, 190, 9.0, 1710],
 [711999, 712512, 2565, 5.0, 2565],
 [712845, 712996, 302, 8.0, 1208],
 [713468, 713777, 618, 8.0, 2472],
 [714066, 714488, 2110, 5.0, 2110],
 [714601, 714716, 230, 8.0, 920],
 [714907, 715422, 2575, 5.0, 2575],
 [715630, 715972, 342, 9.0, 3078],
 [716027, 716624, 1194, 8.0, 4776],
 [716766, 716887, 484, 6.0, 726],
 [716925, 717324, 1197, 7.0, 2793],
 [717439, 717967, 528, 9.0, 4752],
 [718047, 718300, 253, 9.0, 2277],
 [718515, 719094, 579, 9.0, 5211],
 [719199, 719657, 916, 8.0, 3664],
 [719813, 720120, 307, 9.0, 2763],
 [720187, 720517, 660, 8.0, 2640],
 [720556, 720653, 97, 9.0, 873],
 [720666, 721236, 1140, 8.0, 4560],
 [721419, 721694, 275, 9.0, 2475],
 [721882, 721948, 330, 5.0, 330],
 [722103, 722500, 397, 9.0, 3573],
 [722688, 723240, 1656, 7.0, 3864],
 [723678, 724034, 356, 9.0, 3204],
 [724520, 725044, 1572, 7.0, 3668],
 [725439, 725459, 20, 9.0, 180],
 [725874, 726215, 1705, 5.0, 1705],
 [726289, 726825, 1072, 8.0, 4288],
 [727194, 727712, 2590, 5.0, 2590],
 [727883, 728465, 1164, 8.0, 4656],
 [728894, 729157, 263, 9.0, 2367],
 [729296, 729298, 10, 5.0, 10],
 [729549, 730000, 451, 9.0, 4059],
 [730282, 730495, 213, 9.0, 1917],
 [730511, 731051, 1620, 7.0, 3780],
 [731283, 731381, 98, 9.0, 882],
 [731513, 732042, 1058, 8.0, 4232],
 [732068, 732441, 1865, 5.0, 1865],
 [732500, 733034, 534, 9.0, 4806],
 [733224, 733810, 1172, 8.0, 4688],
 [733839, 734317, 956, 8.0, 3824],
 [734403, 734777, 374, 9.0, 3366],
 [735074, 735399, 1300, 6.0, 1950],
 [736006, 736230, 896, 6.0, 1344],
 [736326, 736852, 1052, 8.0, 4208],
 [736854, 737275, 1263, 7.0, 2947],
 [737435, 737937, 2510, 5.0, 2510],
 [738161, 738434, 1365, 5.0, 1365],
 [738501, 738640, 417, 7.0, 973],
 [739192, 739493, 903, 7.0, 2107],
 [739501, 739889, 388, 9.0, 3492],
 [740081, 740547, 466, 9.0, 4194],
 [740617, 740729, 112, 9.0, 1008],
 [741172, 741551, 1137, 7.0, 2653],
 [741879, 742034, 465, 7.0, 1085],
 [742789, 743353, 564, 9.0, 5076],
 [743540, 744107, 1134, 8.0, 4536],
 [744220, 744652, 432, 9.0, 3888],
 [744760, 745310, 2200, 6.0, 3300],
 [745514, 745554, 120, 7.0, 280],
 [745708, 746269, 2244, 6.0, 3366],
 [746835, 747323, 2440, 5.0, 2440],
 [747729, 748072, 343, 9.0, 3087],
 [748379, 748866, 974, 8.0, 3896],
 [749117, 749318, 603, 7.0, 1407],
 [749767, 749943, 176, 9.0, 1584],
 [750666, 751203, 1611, 7.0, 3759],
 [752122, 752709, 2348, 6.0, 3522],
 [752894, 753369, 475, 9.0, 4275],
 [753595, 754024, 429, 9.0, 3861],
 [754321, 754466, 580, 6.0, 870],
 [754531, 754941, 820, 8.0, 3280],
 [754976, 755509, 2132, 6.0, 3198],
 [755537, 756098, 561, 9.0, 5049],
 [756138, 756326, 940, 5.0, 940],
 [756395, 756941, 546, 9.0, 4914],
 [757095, 757694, 599, 9.0, 5391],
 [757707, 757801, 376, 6.0, 564],
 [757807, 757854, 141, 7.0, 329],
 [757876, 758144, 536, 8.0, 2144],
 [758389, 758615, 1130, 5.0, 1130],
 [758692, 759090, 796, 8.0, 3184],
 [759780, 760290, 510, 9.0, 4590],
 [760300, 760881, 2324, 6.0, 3486],
 [761002, 761133, 393, 7.0, 917],
 [761211, 761334, 369, 7.0, 861],
 [761584, 761605, 63, 7.0, 147],
 [762889, 763364, 950, 8.0, 3800],
 [763651, 764149, 1494, 7.0, 3486],
 [764424, 764956, 1596, 7.0, 3724],
 [765066, 765637, 571, 9.0, 5139],
 [766175, 766301, 378, 7.0, 882],
 [766404, 766828, 1696, 6.0, 2544],
 [766916, 766945, 145, 5.0, 145],
 [766988, 767506, 1554, 7.0, 3626],
 [767726, 768274, 1096, 8.0, 4384],
 [768647, 769154, 1014, 8.0, 4056],
 [769190, 769204, 42, 7.0, 98],
 [769344, 769390, 230, 5.0, 230],
 [769517, 770049, 532, 9.0, 4788],
 [770235, 770273, 38, 9.0, 342],
 [770428, 770552, 372, 7.0, 868],
 [770698, 770887, 756, 6.0, 1134],
 [771320, 771456, 272, 8.0, 1088],
 [771688, 772210, 2088, 6.0, 3132],
 [772218, 772605, 1935, 5.0, 1935],
 [773145, 773324, 179, 9.0, 1611],
 [773682, 773799, 351, 7.0, 819],
 [774259, 774405, 146, 9.0, 1314],
 [774484, 775031, 1094, 8.0, 4376],
 [775450, 776042, 1776, 7.0, 4144],
 [776395, 776986, 591, 9.0, 5319],
 [777234, 777494, 780, 7.0, 1820],
 [778086, 778589, 2515, 5.0, 2515],
 [778683, 778905, 666, 7.0, 1554],
 [779135, 779246, 222, 8.0, 888],
 [779428, 779959, 2124, 6.0, 3186],
 [780061, 780538, 477, 9.0, 4293],
 [780692, 781229, 2148, 6.0, 3222],
 [781343, 781944, 601, 9.0, 5409],
 [782166, 782621, 455, 9.0, 4095],
 [782727, 782860, 665, 5.0, 665],
 [783576, 783644, 204, 7.0, 476],
 [783781, 783871, 90, 9.0, 810],
 [783991, 784054, 315, 5.0, 315],
 [784374, 784960, 2930, 5.0, 2930],
 [785334, 785913, 579, 9.0, 5211],
 [786248, 786368, 120, 9.0, 1080],
 [786452, 786958, 2024, 6.0, 3036],
 [787453, 787564, 111, 9.0, 999],
 [788051, 788557, 506, 9.0, 4554],
 [788936, 789251, 315, 9.0, 2835],
 [789772, 789818, 46, 9.0, 414],
 [789954, 790239, 285, 9.0, 2565],
 [790249, 790778, 1058, 8.0, 4232],
 [790856, 790911, 220, 6.0, 330],
 [791276, 791697, 1263, 7.0, 2947],
 [791804, 792010, 206, 9.0, 1854],
 [792021, 792053, 32, 9.0, 288],
 [792429, 792969, 1080, 8.0, 4320],
 [792972, 792989, 51, 7.0, 119],
 [793008, 793437, 2145, 5.0, 2145],
 [793452, 793848, 792, 8.0, 3168],
 [793984, 794133, 596, 6.0, 894],
 [794210, 794760, 2750, 5.0, 2750],
 [795535, 796009, 1422, 7.0, 3318],
 [796061, 796196, 405, 7.0, 945],
 [796294, 796708, 2070, 5.0, 2070],
 [796792, 797298, 1012, 8.0, 4048],
 [797399, 797885, 1944, 6.0, 2916],
 [797922, 797961, 117, 7.0, 273],
 [798409, 798547, 276, 8.0, 1104],
 [798826, 798872, 230, 5.0, 230],
 [798874, 798974, 300, 7.0, 700],
 [799003, 799579, 2304, 6.0, 3456],
 [800397, 800877, 1440, 7.0, 3360],
 [800921, 801300, 758, 8.0, 3032],
 [801425, 802010, 1170, 8.0, 4680],
 [802402, 802982, 1740, 7.0, 4060],
 [803323, 803450, 508, 6.0, 762],
 [803520, 804042, 1044, 8.0, 4176],
 [804455, 805033, 2312, 6.0, 3468],
 [805565, 806100, 1070, 8.0, 4280],
 [806718, 807258, 1620, 7.0, 3780],
 [807279, 807426, 294, 8.0, 1176],
 [807444, 807808, 728, 8.0, 2912],
 [807825, 808390, 1130, 8.0, 4520],
 [808577, 809120, 1086, 8.0, 4344],
 [809450, 809563, 113, 9.0, 1017],
 [809744, 810317, 1719, 7.0, 4011],
 [811175, 811671, 992, 8.0, 3968],
 [811695, 812071, 1128, 7.0, 2632],
 [812274, 812367, 279, 7.0, 651],
 [812689, 813040, 702, 8.0, 2808],
 [813068, 813178, 330, 7.0, 770],
 [813608, 813609, 4, 6.0, 6],
 [813756, 814329, 573, 9.0, 5157],
 [814459, 815009, 2200, 6.0, 3300],
 [815128, 815528, 800, 8.0, 3200],
 [815647, 816074, 427, 9.0, 3843],
 [816107, 816180, 292, 6.0, 438],
 [816589, 817089, 1500, 7.0, 3500],
 [817395, 817864, 938, 8.0, 3752],
 [818040, 818602, 2248, 6.0, 3372],
 [819145, 819666, 1042, 8.0, 4168],
 [819752, 820350, 1794, 7.0, 4186],
 [820430, 820994, 564, 9.0, 5076],
 [821029, 821216, 187, 9.0, 1683],
 [821229, 821724, 495, 9.0, 4455],
 [822138, 822678, 540, 9.0, 4860],
 [822888, 823209, 642, 8.0, 2568],
 [823273, 823704, 2155, 5.0, 2155],
 [823844, 824017, 865, 5.0, 865],
 [824121, 824269, 444, 7.0, 1036],
 [824479, 824979, 500, 9.0, 4500],
 [825295, 825339, 44, 9.0, 396],
 [825516, 825811, 295, 9.0, 2655],
 [826157, 826494, 337, 9.0, 3033],
 [826523, 826905, 382, 9.0, 3438],
 [826944, 827491, 2735, 5.0, 2735],
 [827628, 828040, 1236, 7.0, 2884],
 [828119, 828574, 910, 8.0, 3640],
 [828649, 828904, 765, 7.0, 1785],
 [829029, 829030, 4, 6.0, 6],
 [829128, 829532, 808, 8.0, 3232],
 [829555, 830092, 1611, 7.0, 3759],
 [830319, 830564, 1225, 5.0, 1225],
 [830806, 830970, 656, 6.0, 984],
 [831019, 831028, 36, 6.0, 54],
 [831115, 831703, 1764, 7.0, 4116],
 [831787, 832366, 579, 9.0, 5211],
 [832454, 832515, 183, 7.0, 427],
 [832538, 832809, 271, 9.0, 2439],
 [833222, 833505, 1415, 5.0, 1415],
 [833926, 834014, 88, 9.0, 792],
 [834634, 835168, 1602, 7.0, 3738],
 [835250, 835333, 415, 5.0, 415],
 [835345, 835595, 500, 8.0, 2000],
 [835687, 836265, 578, 9.0, 5202],
 [836379, 836825, 1338, 7.0, 3122],
 [837302, 837666, 364, 9.0, 3276],
 [838999, 839099, 100, 9.0, 900],
 [839339, 839551, 636, 7.0, 1484],
 [839621, 839726, 105, 9.0, 945],
 [839745, 839921, 352, 8.0, 1408],
 [840444, 840639, 585, 7.0, 1365],
 [840793, 840808, 45, 7.0, 105],
 [841249, 841537, 288, 9.0, 2592],
 [841843, 842137, 882, 7.0, 2058],
 [842759, 843062, 303, 9.0, 2727],
 [843196, 843693, 994, 8.0, 3976],
 [843913, 843984, 355, 5.0, 355],
 [844339, 844920, 1162, 8.0, 4648],
 [844933, 845277, 688, 8.0, 2752],
 [845589, 846102, 513, 9.0, 4617],
 [846225, 846543, 1272, 6.0, 1908],
 [846706, 847186, 960, 8.0, 3840],
 [847484, 847943, 918, 8.0, 3672],
 [848063, 848180, 351, 7.0, 819],
 [848664, 849171, 507, 9.0, 4563],
 [849492, 849523, 93, 7.0, 217],
 [850292, 850505, 213, 9.0, 1917],
 [850812, 851224, 824, 8.0, 3296],
 [851417, 851440, 23, 9.0, 207],
 [851558, 851590, 64, 8.0, 256],
 [852067, 852348, 562, 8.0, 2248],
 [852518, 852555, 37, 9.0, 333],
 [852979, 853066, 261, 7.0, 609],
 [853219, 853556, 337, 9.0, 3033],
 [853627, 853777, 300, 8.0, 1200],
 [854251, 854565, 1256, 6.0, 1884],
 [855165, 855212, 235, 5.0, 235],
 [855291, 855709, 836, 8.0, 3344],
 [855855, 856012, 314, 8.0, 1256],
 [856378, 856921, 2715, 5.0, 2715],
 [857491, 857952, 922, 8.0, 3688],
 [858195, 858669, 948, 8.0, 3792],
 [859115, 859139, 120, 5.0, 120],
 [859419, 859946, 1581, 7.0, 3689],
 [860697, 860873, 704, 6.0, 1056],
 [861216, 861241, 50, 8.0, 200],
 [861244, 861725, 962, 8.0, 3848],
 [862112, 862155, 43, 9.0, 387],
 [862313, 862486, 692, 6.0, 1038],
 [862626, 863110, 1936, 6.0, 2904],
 [863527, 864124, 1791, 7.0, 4179],
 [864246, 864498, 756, 7.0, 1764],
 [864707, 864808, 101, 9.0, 909],
 [865027, 865455, 856, 8.0, 3424],
 [865476, 865499, 23, 9.0, 207],
 [865769, 866322, 553, 9.0, 4977],
 [866485, 866550, 195, 7.0, 455],
 [866617, 867195, 2890, 5.0, 2890],
 [867377, 867945, 568, 9.0, 5112],
 [868195, 868591, 792, 8.0, 3168],
 [868641, 868930, 1445, 5.0, 1445],
 [868960, 869546, 1758, 7.0, 4102],
 [869655, 870219, 1692, 7.0, 3948],
 [870552, 871135, 583, 9.0, 5247],
 [871159, 871559, 400, 9.0, 3600],
 [871715, 871890, 875, 5.0, 875],
 [872020, 872489, 1407, 7.0, 3283],
 [872916, 873470, 1662, 7.0, 3878],
 [873574, 873675, 101, 9.0, 909],
 [873818, 874199, 381, 9.0, 3429],
 [874737, 874992, 765, 7.0, 1785],
 [875189, 875444, 1275, 5.0, 1275],
 [875516, 875606, 360, 6.0, 540],
 [875619, 876014, 790, 8.0, 3160],
 [876297, 876830, 2665, 5.0, 2665],
 [876838, 877008, 510, 7.0, 1190],
 [877682, 877915, 233, 9.0, 2097],
 [877985, 878038, 212, 6.0, 318],
 [878545, 879109, 1128, 8.0, 4512],
 [879261, 879427, 830, 5.0, 830],
 [879551, 880142, 1182, 8.0, 4728],
 [880436, 880629, 193, 9.0, 1737],
 [880822, 881207, 385, 9.0, 3465],
 [881373, 881973, 2400, 6.0, 3600],
 [882942, 883510, 568, 9.0, 5112],
 [883549, 884049, 1000, 8.0, 4000],
 [884232, 884579, 1041, 7.0, 2429],
 [885120, 885514, 394, 9.0, 3546],
 [885550, 885621, 355, 5.0, 355],
 [885622, 885834, 424, 8.0, 1696],
 [886041, 886620, 1737, 7.0, 4053],
 [886871, 887426, 555, 9.0, 4995],
 [887488, 887526, 76, 8.0, 304],
 [887529, 888081, 1656, 7.0, 3864],
 [888112, 888569, 1371, 7.0, 3199],
 [888894, 889306, 1648, 6.0, 2472],
 [889549, 890128, 2895, 5.0, 2895],
 [890237, 890745, 1016, 8.0, 4064],
 [890866, 891346, 1440, 7.0, 3360],
 [891907, 892339, 432, 9.0, 3888],
 [892501, 892982, 962, 8.0, 3848],
 [893301, 893720, 1676, 6.0, 2514],
 [894381, 894511, 130, 9.0, 1170],
 [894754, 895343, 589, 9.0, 5301],
 [895462, 895793, 993, 7.0, 2317],
 [895899, 896208, 309, 9.0, 2781],
 [896745, 897205, 1380, 7.0, 3220],
 [897440, 898011, 1142, 8.0, 4568],
 [898642, 899187, 2725, 5.0, 2725],
 [899329, 899733, 2020, 5.0, 2020],
 [899799, 900140, 1705, 5.0, 1705],
 [900171, 900638, 1401, 7.0, 3269],
 [900709, 901217, 2032, 6.0, 3048],
 [901438, 901485, 94, 8.0, 376],
 [901819, 902419, 3000, 5.0, 3000],
 [903233, 903771, 1076, 8.0, 4304],
 [903900, 903994, 94, 9.0, 846],
 [904656, 905253, 1194, 8.0, 4776],
 [905674, 906193, 519, 9.0, 4671],
 [906755, 907167, 1236, 7.0, 2884],
 [907386, 907656, 540, 8.0, 2160],
 [907775, 907853, 78, 9.0, 702],
 [908087, 908176, 445, 5.0, 445],
 [908546, 909023, 477, 9.0, 4293],
 [909304, 909404, 400, 6.0, 600],
 [909413, 909676, 789, 7.0, 1841],
 [909754, 910026, 1088, 6.0, 1632],
 [910078, 910359, 843, 7.0, 1967],
 [910755, 911204, 1347, 7.0, 3143],
 [911696, 912287, 591, 9.0, 5319],
 [912674, 912745, 355, 5.0, 355],
 [912781, 913079, 1192, 6.0, 1788],
 [913147, 913673, 526, 9.0, 4734],
 [913960, 914078, 236, 8.0, 944],
 [914329, 914824, 495, 9.0, 4455],
 [914830, 915286, 456, 9.0, 4104],
 [915747, 916227, 960, 8.0, 3840],
 [916511, 917084, 1719, 7.0, 4011],
 [917162, 917608, 892, 8.0, 3568],
 [917977, 918309, 1660, 5.0, 1660],
 [918530, 919104, 1148, 8.0, 4592],
 [919166, 919644, 1434, 7.0, 3346],
 [919706, 919833, 254, 8.0, 1016],
 [920078, 920442, 364, 9.0, 3276],
 [921169, 921731, 1124, 8.0, 4496],
 [921807, 921896, 89, 9.0, 801],
 [921897, 922222, 650, 8.0, 2600],
 [922499, 922536, 185, 5.0, 185],
 [922591, 923191, 2400, 6.0, 3600],
 [923220, 923620, 800, 8.0, 3200],
 [923800, 924311, 1022, 8.0, 4088],
 [924697, 924826, 387, 7.0, 903],
 [925518, 925680, 486, 7.0, 1134],
 [926075, 926450, 1125, 7.0, 2625],
 [926847, 927189, 1710, 5.0, 1710],
 [927491, 927984, 1479, 7.0, 3451],
 [928007, 928357, 700, 8.0, 2800],
 [928699, 929124, 850, 8.0, 3400],
 [929252, 929386, 536, 6.0, 804],
 [929408, 929967, 1118, 8.0, 4472],
 [930046, 930392, 346, 9.0, 3114],
 [930590, 930592, 10, 5.0, 10],
 [930599, 931111, 2048, 6.0, 3072],
 [931202, 931660, 458, 9.0, 4122],
 [931809, 932192, 383, 9.0, 3447],
 [932228, 932299, 284, 6.0, 426],
 [932312, 932814, 502, 9.0, 4518],
 [932867, 933150, 849, 7.0, 1981],
 [934455, 934847, 1176, 7.0, 2744],
 [935382, 935433, 51, 9.0, 459],
 [935596, 935672, 304, 6.0, 456],
 [935844, 936361, 517, 9.0, 4653],
 [936803, 936853, 50, 9.0, 450],
 [936993, 937075, 246, 7.0, 574],
 [937457, 938025, 568, 9.0, 5112],
 [938058, 938513, 1820, 6.0, 2730],
 [939501, 939818, 317, 9.0, 2853],
 [939841, 939856, 45, 7.0, 105],
 [940076, 940634, 1674, 7.0, 3906],
 [940709, 941123, 1242, 7.0, 2898],
 [941146, 941735, 1178, 8.0, 4712],
 [941943, 942530, 1761, 7.0, 4109],
 [942727, 943318, 1182, 8.0, 4728],
 [943491, 943744, 253, 9.0, 2277],
 [943775, 944037, 262, 9.0, 2358],
 [944298, 944892, 594, 9.0, 5346],
 [945250, 945625, 750, 8.0, 3000],
 [945670, 946158, 1464, 7.0, 3416],
 [946249, 946848, 2396, 6.0, 3594],
 [947274, 947440, 664, 6.0, 996],
 [947445, 947910, 2325, 5.0, 2325],
 [948305, 948728, 846, 8.0, 3384],
 [948767, 949246, 958, 8.0, 3832],
 [949330, 949441, 555, 5.0, 555],
 [949736, 949968, 464, 8.0, 1856],
 [950015, 950541, 1578, 7.0, 3682],
 [950634, 950889, 255, 9.0, 2295],
 [951020, 951297, 554, 8.0, 2216],
 [952106, 952617, 1022, 8.0, 4088],
 [953415, 953911, 496, 9.0, 4464],
 [954054, 954548, 2470, 5.0, 2470],
 [954662, 955080, 1254, 7.0, 2926],
 [955114, 955474, 1800, 5.0, 1800],
 [955752, 955976, 448, 8.0, 1792],
 [956235, 956785, 550, 9.0, 4950],
 [956831, 957298, 1401, 7.0, 3269],
 [957364, 957603, 478, 8.0, 1912],
 [957743, 958216, 946, 8.0, 3784],
 [958320, 958345, 75, 7.0, 175],
 [958686, 959013, 327, 9.0, 2943],
 [959423, 959752, 658, 8.0, 2632],
 [959998, 960465, 467, 9.0, 4203],
 [960592, 960610, 36, 8.0, 144],
 [960736, 961309, 1146, 8.0, 4584],
 [961925, 962394, 2345, 5.0, 2345],
 [962842, 963203, 1805, 5.0, 1805],
 [963347, 963786, 1756, 6.0, 2634],
 [964053, 964535, 1446, 7.0, 3374],
 [964711, 965062, 1053, 7.0, 2457],
 [965162, 965263, 404, 6.0, 606],
 [965473, 965608, 135, 9.0, 1215],
 [965748, 966009, 261, 9.0, 2349],
 [966156, 966686, 2120, 6.0, 3180],
 [966966, 967297, 331, 9.0, 2979],
 [967644, 968186, 1084, 8.0, 4336],
 [968324, 968640, 948, 7.0, 2212],
 [968937, 969491, 1662, 7.0, 3878],
 [969639, 969689, 150, 7.0, 350],
 [969786, 970377, 1773, 7.0, 4137],
 [970648, 971242, 594, 9.0, 5346],
 [971393, 971665, 816, 7.0, 1904],
 [971851, 972309, 1374, 7.0, 3206],
 [972604, 972647, 215, 5.0, 215],
 [973061, 973623, 2810, 5.0, 2810],
 [974032, 974093, 122, 8.0, 488],
 [974097, 974532, 435, 9.0, 3915],
 [974606, 974756, 600, 6.0, 900],
 [974899, 975364, 930, 8.0, 3720],
 [975638, 976193, 1110, 8.0, 4440],
 [976488, 976959, 471, 9.0, 4239],
 [977121, 977470, 349, 9.0, 3141],
 [977931, 978064, 532, 6.0, 798],
 [978083, 978519, 872, 8.0, 3488],
 [978656, 978709, 212, 6.0, 318],
 [978934, 979442, 1016, 8.0, 4064],
 [979650, 980031, 1143, 7.0, 2667],
 [980294, 980709, 1660, 6.0, 2490],
 [981018, 981240, 444, 8.0, 1776],
 [981309, 981840, 531, 9.0, 4779],
 [981950, 982461, 511, 9.0, 4599],
 [982732, 983233, 2505, 5.0, 2505],
 [983301, 983741, 1320, 7.0, 3080],
 [984094, 984468, 748, 8.0, 2992],
 [984491, 984525, 170, 5.0, 170],
 [984539, 984723, 736, 6.0, 1104],
 [984846, 985125, 1116, 6.0, 1674],
 [985367, 985930, 2252, 6.0, 3378],
 [985981, 986200, 438, 8.0, 1752],
 [986579, 986790, 211, 9.0, 1899],
 [987529, 987680, 302, 8.0, 1208],
 [988138, 988714, 1728, 7.0, 4032],
 [988981, 989133, 456, 7.0, 1064],
 [989562, 990065, 2012, 6.0, 3018],
 [990161, 990355, 388, 8.0, 1552],
 [990412, 990993, 581, 9.0, 5229],
 [991125, 991400, 275, 9.0, 2475],
 [991427, 991956, 1058, 8.0, 4232],
 [992002, 992230, 684, 7.0, 1596],
 [992340, 992516, 528, 7.0, 1232],
 [992678, 993247, 2276, 6.0, 3414],
 [993283, 993793, 1020, 8.0, 4080],
 [993889, 993946, 285, 5.0, 285],
 [994433, 994848, 830, 8.0, 3320],
 [995063, 995096, 165, 5.0, 165],
 [995267, 995288, 84, 6.0, 126],
 [995332, 995526, 970, 5.0, 970],
 [995626, 996000, 1496, 6.0, 2244],
 [996076, 996550, 1422, 7.0, 3318],
 [996754, 996991, 237, 9.0, 2133],
 [997092, 997122, 150, 5.0, 150],
 [997210, 997753, 1086, 8.0, 4344],
 [998054, 998382, 328, 9.0, 2952],
 [998519, 998851, 664, 8.0, 2656],
 [999392, 999576, 920, 5.0, 920]]